                      class     id        {         }         ;         program   (         )         .         [         ]         for       if        then      else      get       put       return    +         -         floatValueintValue  not       float     int       ,         =         <         <=        <>        ==        >         >=        or        *         /         and       $         
prog                  1         95        95        95        95        1         95        95        95        95        95        95        95        95        95        95        95        95        95        95        95        95        95        95        95        95        95        95        95        95        95        95        95        95        95        95        95        94        
classDecl             2         95        95        95        95        94        95        95        95        95        95        95        95        95        95        95        95        95        95        95        95        95        95        95        95        95        95        95        95        95        95        95        95        95        95        95        95        95        
progBody              95        95        95        95        95        3         95        95        95        95        95        95        95        95        95        95        95        95        95        95        95        95        95        95        95        95        95        95        95        95        95        95        95        95        95        95        95        94        
funcDef               95        4         95        95        95        95        95        95        95        95        95        95        95        95        95        95        95        95        95        95        95        95        95        4         4         95        95        95        95        95        95        95        95        95        95        95        95        94        
funcBody              95        95        5         95        94        95        95        95        95        95        95        95        95        95        95        95        95        95        95        95        95        95        95        95        95        95        95        95        95        95        95        95        95        95        95        95        95        95        
varDeclFunctDef_list  95        6         95        7         95        95        95        95        95        95        95        95        95        95        95        95        95        95        95        95        95        95        95        6         6         95        95        95        95        95        95        95        95        95        95        95        95        95        
varDeclFunctDef_tail  95        95        95        94        9         95        8         95        95        9         95        95        95        95        95        95        95        95        95        95        95        95        95        95        95        95        95        95        95        95        95        95        95        95        95        95        95        95        
indiceIdnestList_tail 95        95        95        95        95        95        95        95        10        11        95        95        95        95        95        95        95        95        95        95        95        95        95        95        95        95        12        95        95        95        95        95        95        95        95        95        95        95        
varDeclStatement_tail 95        13        95        94        95        95        95        95        14        14        95        95        95        95        95        95        95        95        95        95        95        95        95        95        95        95        14        95        95        95        95        95        95        95        95        95        95        95        
funcBody_             95        16        95        18        95        95        95        95        95        95        95        17        17        95        95        17        17        17        95        95        95        95        95        15        15        95        95        95        95        95        95        95        95        95        95        95        95        95        
statement             95        19        95        94        94        95        95        95        95        95        95        20        20        95        94        20        20        20        95        95        95        95        95        95        95        95        95        95        95        95        95        95        95        95        95        95        95        95        
assignmentStatment    95        21        95        94        94        95        95        95        95        95        95        94        94        95        94        94        94        94        95        95        95        95        95        95        95        95        95        95        95        95        95        95        95        95        95        95        95        95        
restOfStatment        95        94        95        94        94        95        95        95        95        95        95        22        23        95        94        24        25        26        95        95        95        95        95        95        95        95        95        95        95        95        95        95        95        95        95        95        95        95        
assignStat            95        27        95        95        95        95        95        94        95        95        95        95        95        95        95        95        95        95        95        95        95        95        95        95        95        95        95        95        95        95        95        95        95        95        95        95        95        95        
statBlock             95        29        28        95        30        95        95        95        95        95        95        29        29        95        30        29        29        29        95        95        95        95        95        95        95        95        95        95        95        95        95        95        95        95        95        95        95        95        
expr                  95        31        95        95        94        95        31        94        95        95        95        95        95        95        95        95        95        95        31        31        31        31        31        95        95        94        95        95        95        95        95        95        95        95        95        95        95        95        
exp_                  95        95        95        95        33        95        95        33        95        95        95        95        95        95        95        95        95        95        95        95        95        95        95        95        95        33        95        32        32        32        32        32        32        95        95        95        95        95        
relExpr               95        34        95        95        94        95        34        95        95        95        95        95        95        95        95        95        95        95        34        34        34        34        34        95        95        95        95        95        95        95        95        95        95        95        95        95        95        95        
arithExpr             95        35        95        95        94        95        35        94        95        95        94        95        95        95        95        95        95        95        35        35        35        35        35        95        95        94        95        94        94        94        94        94        94        95        95        95        95        95        
arithExpr_            95        95        95        95        37        95        95        37        95        95        37        95        95        95        95        95        95        95        36        36        95        95        95        95        95        37        95        37        37        37        37        37        37        36        95        95        95        95        
sign                  95        94        95        95        95        95        94        95        95        95        95        95        95        95        95        95        95        95        38        39        94        94        94        95        95        95        95        95        95        95        95        95        95        95        95        95        95        95        
term                  95        40        95        95        94        95        40        94        95        95        94        95        95        95        95        95        95        95        40        40        40        40        40        95        95        94        95        94        94        94        94        94        94        94        95        95        95        95        
term_                 95        95        95        95        42        95        95        42        95        95        42        95        95        95        95        95        95        95        42        42        95        95        95        95        95        42        95        42        42        42        42        42        42        42        41        41        41        95        
factor                95        47        95        95        94        95        43        94        95        95        94        95        95        95        95        95        95        95        48        48        44        45        46        95        95        94        95        94        94        94        94        94        94        94        94        94        94        95        
variable_             95        49        95        95        94        95        95        94        95        95        94        95        95        95        95        95        95        95        94        94        95        95        95        95        95        94        94        94        94        94        94        94        94        94        94        94        94        95        
idnest_list_          95        95        95        95        52        95        51        52        50        95        52        95        95        95        95        95        95        95        52        52        95        95        95        95        95        52        52        52        52        52        52        52        52        52        52        52        52        95        
idnest_               95        95        95        95        94        95        94        94        53        95        94        95        95        95        95        95        95        95        94        94        95        95        95        95        95        94        94        94        94        94        94        94        94        94        94        94        94        95        
factor_               95        95        95        95        94        95        54        94        95        95        94        95        95        95        95        95        95        95        94        94        95        95        95        95        95        94        94        94        94        94        94        94        94        94        94        94        94        95        
indice                95        95        95        95        94        95        94        94        94        55        94        95        95        95        95        95        95        95        94        94        95        95        95        95        95        94        94        94        94        94        94        94        94        94        94        94        94        95        
arraySize             95        95        95        95        94        95        95        94        95        56        95        95        95        95        95        95        95        95        95        95        95        95        95        95        95        94        95        95        95        95        95        95        95        95        95        95        95        95        
type                  95        57        95        95        95        95        95        95        95        95        95        95        95        95        95        95        95        95        95        95        95        95        95        58        58        95        95        95        95        95        95        95        95        95        95        95        95        95        
typeNumeric           95        94        95        95        95        95        95        95        95        95        95        95        95        95        95        95        95        95        95        95        95        95        95        59        60        95        95        95        95        95        95        95        95        95        95        95        95        95        
fParams               95        61        95        95        95        95        95        62        95        95        95        95        95        95        95        95        95        95        95        95        95        95        95        61        61        95        95        95        95        95        95        95        95        95        95        95        95        95        
aParams               95        63        95        95        95        95        63        64        95        95        95        95        95        95        95        95        95        95        63        63        63        63        63        95        95        95        95        95        95        95        95        95        95        95        95        95        95        95        
fParamsTail           95        95        95        95        95        95        95        94        95        95        95        95        95        95        95        95        95        95        95        95        95        95        95        95        95        65        95        95        95        95        95        95        95        95        95        95        95        95        
aParamsTail           95        95        95        95        95        95        95        94        95        95        95        95        95        95        95        95        95        95        95        95        95        95        95        95        95        66        95        95        95        95        95        95        95        95        95        95        95        95        
classDecl_list        67        95        95        95        95        68        95        95        95        95        95        95        95        95        95        95        95        95        95        95        95        95        95        95        95        95        95        95        95        95        95        95        95        95        95        95        95        95        
funcDef_list          95        69        95        95        95        95        95        95        95        95        95        95        95        95        95        95        95        95        95        95        95        95        95        69        69        95        95        95        95        95        95        95        95        95        95        95        95        70        
statement_list        95        71        95        72        95        95        95        95        95        95        95        71        71        95        95        71        71        71        95        95        95        95        95        95        95        95        95        95        95        95        95        95        95        95        95        95        95        95        
arraySize_list        95        95        95        95        74        95        95        74        95        73        95        95        95        95        95        95        95        95        95        95        95        95        95        95        95        74        95        95        95        95        95        95        95        95        95        95        95        95        
indice_list           95        95        95        95        76        95        76        76        76        75        76        95        95        95        95        95        95        95        76        76        95        95        95        95        95        76        76        76        76        76        76        76        76        76        76        76        76        95        
fParamsTail_list      95        95        95        95        95        95        95        78        95        95        95        95        95        95        95        95        95        95        95        95        95        95        95        95        95        77        95        95        95        95        95        95        95        95        95        95        95        95        
aParamsTail_list      95        95        95        95        95        95        95        80        95        95        95        95        95        95        95        95        95        95        95        95        95        95        95        95        95        79        95        95        95        95        95        95        95        95        95        95        95        95        
assignOp              95        94        95        95        95        95        94        95        95        95        95        95        95        95        95        95        95        95        94        94        94        94        94        95        95        95        81        95        95        95        95        95        95        95        95        95        95        95        
relOp                 95        94        95        95        95        95        94        95        95        95        95        95        95        95        95        95        95        95        94        94        94        94        94        95        95        95        95        82        83        84        85        86        87        95        95        95        95        95        
addOp                 95        94        95        95        95        95        94        95        95        95        95        95        95        95        95        95        95        95        88        89        94        94        94        95        95        95        95        95        95        95        95        95        95        90        95        95        95        95        
multOp                95        94        95        95        95        95        94        95        95        95        95        95        95        95        95        95        95        95        94        94        94        94        94        95        95        95        95        95        95        95        95        95        95        95        91        92        93        95        
