		class	id	{	}	;	program	(	)	float	int	if	then	else	for	get	put	return	+	-	num	integer	not	.	[	]	,	=	==	<>	<	>	<=	>=	or	*	/	and	$	
prog		1	98	98	98	98	1	98	98	98	98	98	98	98	98	98	98	98	98	98	98	98	98	98	98	98	98	98	98	98	98	98	98	98	98	98	98	98	97	
A		2	98	98	98	98	3	98	98	98	98	98	98	98	98	98	98	98	98	98	98	98	98	98	98	98	98	98	98	98	98	98	98	98	98	98	98	98	98	
classDecl	4	98	98	98	98	97	98	98	98	98	98	98	98	98	98	98	98	98	98	98	98	98	98	98	98	98	98	98	98	98	98	98	98	98	98	98	98	98	
V		98	5	98	6	98	98	98	98	5	5	98	98	98	98	98	98	98	98	98	98	98	98	98	98	98	98	98	98	98	98	98	98	98	98	98	98	98	98	
T		98	7	98	97	98	98	98	98	7	7	98	98	98	98	98	98	98	98	98	98	98	98	98	98	98	98	98	98	98	98	98	98	98	98	98	98	98	98	
K		98	97	98	97	8	98	9	98	97	97	98	98	98	98	98	98	98	98	98	98	98	98	98	8	98	98	98	98	98	98	98	98	98	98	98	98	98	98	
progBody	98	98	98	98	98	10	98	98	98	98	98	98	98	98	98	98	98	98	98	98	98	98	98	98	98	98	98	98	98	98	98	98	98	98	98	98	98	97	
C		98	11	98	98	98	98	98	98	11	11	98	98	98	98	98	98	98	98	98	98	98	98	98	98	98	98	98	98	98	98	98	98	98	98	98	98	98	12	
funcHead	98	13	97	98	98	98	98	98	13	13	98	98	98	98	98	98	98	98	98	98	98	98	98	98	98	98	98	98	98	98	98	98	98	98	98	98	98	98	
funcDef		98	14	98	98	98	98	98	98	14	14	98	98	98	98	98	98	98	98	98	98	98	98	98	98	98	98	98	98	98	98	98	98	98	98	98	98	98	97	
M		98	97	98	97	98	98	15	98	97	97	98	98	98	98	98	98	98	98	98	98	98	98	98	98	98	98	98	98	98	98	98	98	98	98	98	98	98	98	
funcBody	98	98	16	98	97	98	98	98	98	98	98	98	98	98	98	98	98	98	98	98	98	98	98	98	98	98	98	98	98	98	98	98	98	98	98	98	98	98	
R		98	17	98	18	98	98	98	98	17	17	17	98	98	17	17	17	17	98	98	98	98	98	98	98	98	98	98	98	98	98	98	98	98	98	98	98	98	98	
L		98	19	98	97	98	98	98	98	21	21	20	98	98	20	20	20	20	98	98	98	98	98	98	98	98	98	98	98	98	98	98	98	98	98	98	98	98	98	
Q		98	97	98	98	98	98	98	98	22	23	98	98	98	98	98	98	98	98	98	98	98	98	98	98	98	98	98	98	98	98	98	98	98	98	98	98	98	98	
P		98	24	98	97	98	98	98	98	97	97	97	98	98	97	97	97	97	98	98	98	98	98	25	25	98	98	25	98	98	98	98	98	98	98	98	98	98	98	
E		98	28	98	27	98	98	98	98	98	98	26	98	98	26	26	26	26	98	98	98	98	98	98	98	98	98	98	98	98	98	98	98	98	98	98	98	98	98	
varDecl		98	29	98	98	98	98	98	98	29	29	98	98	98	98	98	98	98	98	98	98	98	98	98	98	98	98	98	98	98	98	98	98	98	98	98	98	98	98	
S		98	97	98	97	30	98	98	98	97	97	97	98	98	97	97	97	97	98	98	98	98	98	98	30	98	98	98	98	98	98	98	98	98	98	98	98	98	98	
F		98	98	98	98	32	98	98	32	98	98	98	98	98	98	98	98	98	98	98	98	98	98	98	31	98	32	98	98	98	98	98	98	98	98	98	98	98	98	
statement	98	97	98	97	97	98	98	98	97	97	33	98	97	34	35	36	37	98	98	98	98	98	98	98	98	98	98	98	98	98	98	98	98	98	98	98	98	98	
assignStat	98	38	98	98	97	98	98	97	98	98	98	98	98	98	98	98	98	98	98	98	98	98	98	98	98	98	98	98	98	98	98	98	98	98	98	98	98	98	
statBlock	98	41	39	98	42	98	98	98	98	98	40	98	42	40	40	40	40	98	98	98	98	98	98	98	98	98	98	98	98	98	98	98	98	98	98	98	98	98	
expr		98	43	98	98	97	98	43	97	98	98	98	98	98	98	98	98	98	43	43	43	43	43	98	98	98	97	98	98	98	98	98	98	98	98	98	98	98	98	
X		98	98	98	98	45	98	98	45	98	98	98	98	98	98	98	98	98	98	98	98	98	98	98	98	98	45	98	44	44	44	44	44	44	98	98	98	98	98	
relExpr		98	46	98	98	97	98	46	98	98	98	98	98	98	98	98	98	98	46	46	46	46	46	98	98	98	98	98	98	98	98	98	98	98	98	98	98	98	98	
arithExpr	98	47	98	98	97	98	47	97	98	98	98	98	98	98	98	98	98	47	47	47	47	47	98	98	97	97	98	97	97	97	97	97	97	98	98	98	98	98	
Y		98	98	98	98	48	98	98	48	98	98	98	98	98	98	98	98	98	49	49	98	98	98	98	98	48	48	98	48	48	48	48	48	48	49	98	98	98	98	
sign		98	97	98	98	98	98	97	98	98	98	98	98	98	98	98	98	98	50	51	97	97	97	98	98	98	98	98	98	98	98	98	98	98	98	98	98	98	98	
term		98	52	98	98	97	98	52	97	98	98	98	98	98	98	98	98	98	52	52	52	52	52	98	98	97	97	98	97	97	97	97	97	97	97	98	98	98	98	
Z		98	98	98	98	53	98	98	53	98	98	98	98	98	98	98	98	98	53	53	98	98	98	98	98	53	53	98	53	53	53	53	53	53	53	54	54	54	98	
factor		98	55	98	98	97	98	58	97	98	98	98	98	98	98	98	98	98	60	60	56	57	59	98	98	97	97	98	97	97	97	97	97	97	97	97	97	97	98	
O		98	98	98	98	62	98	61	62	98	98	98	98	98	98	98	98	98	62	62	98	98	98	98	98	62	62	98	62	62	62	62	62	62	62	62	62	62	98	
variable	98	63	98	98	98	98	98	97	98	98	98	98	98	98	98	98	98	98	98	98	98	98	98	98	98	98	97	98	98	98	98	98	98	98	98	98	98	98	
G		98	98	98	98	65	98	65	65	98	98	98	98	98	98	98	98	98	65	65	98	98	98	64	98	65	65	65	65	65	65	65	65	65	65	65	65	65	98	
H		98	98	98	98	67	98	67	67	98	98	98	98	98	98	98	98	98	67	67	98	98	98	67	66	67	67	67	67	67	67	67	67	67	67	67	67	67	98	
idnest		98	98	98	98	97	98	97	97	98	98	98	98	98	98	98	98	98	97	97	98	98	98	68	98	97	97	97	97	97	97	97	97	97	97	97	97	97	98	
indice		98	98	98	98	97	98	97	97	98	98	98	98	98	98	98	98	98	97	97	98	98	98	97	69	97	97	97	97	97	97	97	97	97	97	97	97	97	98	
arraySize	98	98	98	98	97	98	98	97	98	98	98	98	98	98	98	98	98	98	98	98	98	98	98	70	98	97	98	98	98	98	98	98	98	98	98	98	98	98	
type		98	73	98	98	98	98	98	98	72	71	98	98	98	98	98	98	98	98	98	98	98	98	98	98	98	98	98	98	98	98	98	98	98	98	98	98	98	98	
fParams		98	74	98	98	98	98	98	75	74	74	98	98	98	98	98	98	98	98	98	98	98	98	98	98	98	98	98	98	98	98	98	98	98	98	98	98	98	98	
I		98	98	98	98	98	98	98	77	98	98	98	98	98	98	98	98	98	98	98	98	98	98	98	98	98	76	98	98	98	98	98	98	98	98	98	98	98	98	
aParams		98	78	98	98	98	98	78	79	98	98	98	98	98	98	98	98	98	78	78	78	78	78	98	98	98	98	98	98	98	98	98	98	98	98	98	98	98	98	
J		98	98	98	98	98	98	98	81	98	98	98	98	98	98	98	98	98	98	98	98	98	98	98	98	98	80	98	98	98	98	98	98	98	98	98	98	98	98	
fParamsTail	98	98	98	98	98	98	98	97	98	98	98	98	98	98	98	98	98	98	98	98	98	98	98	98	98	82	98	98	98	98	98	98	98	98	98	98	98	98	
aParamsTail	98	98	98	98	98	98	98	97	98	98	98	98	98	98	98	98	98	98	98	98	98	98	98	98	98	83	98	98	98	98	98	98	98	98	98	98	98	98	
assignOp	98	97	98	98	98	98	97	98	98	98	98	98	98	98	98	98	98	97	97	97	97	97	98	98	98	98	84	98	98	98	98	98	98	98	98	98	98	98	
relOp		98	97	98	98	98	98	97	98	98	98	98	98	98	98	98	98	98	97	97	97	97	97	98	98	98	98	98	85	86	87	88	89	90	98	98	98	98	98	
addOp		98	97	98	98	98	98	97	98	98	98	98	98	98	98	98	98	98	91	92	97	97	97	98	98	98	98	98	98	98	98	98	98	98	93	98	98	98	98	
multOp		98	97	98	98	98	98	97	98	98	98	98	98	98	98	98	98	98	97	97	97	97	97	98	98	98	98	98	98	98	98	98	98	98	98	94	95	96	98